[ 49.80708586 131.43167516]
[ 54.03342883 136.45474615]
[ 40.0142316  133.45786379]
[ 47.34039142 137.98807554]
[ 47.41745857 134.55550902]
[ 40.43172369 133.24580289]
[ 37.74873806 115.15788471]
[ 54.44688024 118.06099924]
[ 39.37972076 142.3736345 ]
[ 39.01644128 127.78043038]
[ 51.98039123 132.36230359]
[ 39.00350017 145.2300414 ]
[210.13505318  62.49686164]
[178.0759904   77.53434258]
[175.61313408  69.79439581]
[171.78069927  77.06430325]
[181.88605294  78.1250656 ]
[180.79192486  78.95858742]
[166.65275259  71.31852148]
[207.85424956  68.71805718]
[216.68833664  74.10319215]
[177.47853729  80.94787684]
[180.67353647  79.37393738]
[183.02802696  60.908033  ]
[187.13396755  69.48231912]
[177.54652066  67.33518344]
[180.64768533  74.75864997]
[174.2472833   76.51559379]
[172.45501194  76.42064252]
[187.91446464  77.10396509]
[173.07555692  73.85327982]
[170.66545162  75.19883418]
[169.8941995   74.85604952]
[161.29198276  72.04748603]
[123.0406982   92.01172032]
[ 49.16484433 118.94331347]
[ 49.39314973 113.59805054]
[ 45.58872527 105.46131903]
[ 42.26603028 103.91136583]
[ 46.00437222 100.09087955]
[ 42.62560978 109.49549033]
[ 46.88401494 107.55646512]
[ 36.33447878 125.07644987]
[ 39.02466908 116.03924467]
[ 37.24029375 116.84426853]
[ 42.79743674 117.09339237]
[ 39.02823404 125.43133888]
[ 42.47730052 116.61271069]
[ 49.14886504 131.71980986]
[ 46.86890877 121.37075503]
[ 39.84516122 115.51230103]
[ 38.75375439 115.34484661]
[ 43.56461928 117.48830206]
[ 47.7594742  126.72265946]
[ 44.25877779 131.14441299]
[ 50.65721534 123.2067606 ]
[ 45.78146231 135.46534968]
[ 38.8776234  127.85782615]
[ 32.93991453 108.48572966]
[ 47.72919782 135.2614172 ]
[ 26.48422446 121.90446569]
[106.52265877 168.98531804]
[130.80377016 177.84759599]
[129.46631646 171.57860151]
[127.05219789 181.79449011]
[129.32809615 177.57711768]
[126.54726117 181.63633797]
[119.38195831 143.45840469]
[113.5802172  144.85175709]
[119.81699383 139.69680181]
[135.20286007 174.17654761]
[122.58884682 170.91568379]
[121.61390703 172.86847148]
[123.12953024 179.34063558]
[126.44229382 172.22911929]
[127.90984398 175.50405698]
[137.46791067 179.36572626]
[138.32318124 171.37234153]
[150.70859333 170.52378945]
[144.22739789 167.09669206]
[184.4789934  174.23153985]
[177.36733321 177.73197461]
[202.04341031 168.89116229]
[220.14487835 158.13408946]
[230.38747303 151.38395584]
[241.05591273 162.08699359]
[236.42045088 152.54342591]
[218.98332418 166.76335058]
[220.23758675 160.68950779]
[227.19513699 159.93862363]
[228.85706891 159.02199713]
[ 49.43236544 137.78115899]
[ 44.91383666 128.79843257]
[ 44.80614723 135.91707506]
[ 41.67184132 128.42065409]
[ 47.39004126 142.94775794]
[ 39.4792038  140.42312671]
[ 39.3239043  126.50454031]
[ 44.23526032 131.22247971]
[ 47.82206112 130.77205911]
